EasyWin, from IDE, no debug info
Time: 60
	0.000005 0
	0.000010 0
	0.000019 0
	0.000037 2780751
	0.000073 278
	0.000142 0
	0.000277 1085
	0.000541 1
	0.001057 0
	0.002064 0
	0.004029 0
	0.007868 0
	0.015364 1
	0.030000 5
 > 0.030000 0

Time: 60
	0.000005 0
	0.000010 0
	0.000019 0
	0.000037 2993130
	0.000073 245
	0.000142 0
	0.000277 1085
	0.000541 1
	0.001057 0
	0.002064 0
	0.004029 0
	0.007868 0
	0.015364 4
	0.030000 2
 > 0.030000 0

EasyWin, from a file manager

Time: 60
   0.000005 0
   0.000010 0
   0.000019 0
   0.000037 2539957
   0.000073 559
   0.000142 331
   0.000277 1253
   0.000541 4
   0.001057 0
   0.002064 0
   0.004029 0
   0.007868 0
   0.015364 0
   0.030000 0
 > 0.030000 0

Time: 60
   0.000005 0
   0.000010 0
   0.000019 0
   0.000037 2376989
   0.000073 341
   0.000142 21
   0.000277 1103
   0.000541 2
   0.001057 0
   0.002064 0
   0.004029 0
   0.007868 0
   0.015364 0
   0.030000 0
 > 0.030000 0

Time: 60
   0.000005 0
   0.000010 0
   0.000019 0
   0.000037 2850729
   0.000073 440
   0.000142 428
   0.000277 1292
   0.000541 3
   0.001057 0
   0.002064 0
   0.004029 0
   0.007868 0
   0.015364 2
   0.030000 8
 > 0.030000 1


DOS-Win-Window (not exclusive)

Time: 60
   0.000005 0
   0.000010 0
   0.000019 5044758
   0.000037 316
   0.000073 1441
   0.000142 507
   0.000277 0
   0.000541 0
   0.001057 155
   0.002064 139
   0.004029 952
   0.007868 0
   0.015364 1
   0.030000 1
 > 0.030000 0

Time: 60
   0.000005 0
   0.000010 0
   0.000019 5057469
   0.000037 298
   0.000073 1301
   0.000142 360
   0.000277 0
   0.000541 0
   0.001057 530
   0.002064 507
   0.004029 585
   0.007868 1
   0.015364 0
   0.030000 1
 > 0.030000 0

exclusive

Time: 60
   0.000005 0
   0.000010 0
   0.000019 5093586
   0.000037 180
   0.000073 1024
   0.000142 240
   0.000277 0
   0.000541 2
   0.001057 1002
   0.002064 998
   0.004029 92
   0.007868 1
   0.015364 0
   0.030000 2
 > 0.030000 0

DOS-Win Full Screen

Time: 60
   0.000005 0
   0.000010 0
   0.000019 5290551
   0.000037 19
   0.000073 0
   0.000142 1090
   0.000277 1
   0.000541 0
   0.001057 0
   0.002064 0
   0.004029 0
   0.007868 0
   0.015364 1
   0.030000 1
 > 0.030000 0

Pure DOS

Time: 60
   0.000005 0
   0.000010 7950025
   0.000019 0
   0.000037 1091
   0.000073 1
   0.000142 1
   0.000277 0
   0.000541 0
   0.001057 0
   0.002064 0
   0.004029 0
   0.007868 0
   0.015364 0
   0.030000 0
 > 0.030000 0
