 0.001 15 1 1
 0.00105 16 1 1
 0.0013 17 1 1
 0.00135 18 1 1
 0.0014 19 1 1
 0.00165 5 1 1
 0.0017 6 1 1
 0.00175 7 1 1
 0.0018 8 1 1
 0.00185 9 1 1
 0.0019 10 1 1
 0.0023 17 1 2
 0.00235 18 1 2
 0.0024 19 1 2
 0.00275 7 1 5
 0.0028 8 1 5
 0.00285 9 1 5
 0.0029 10 1 5
 0.00365 5 1 4
 0.0037 6 1 4
 0.00375 7 5 6
 0.50475 5 4 2
 0.5048 6 4 2
 0.5064 17 2 4
 0.50645 18 2 4
 1.75545 7 6 7
 1.90815 18 4 5
 1.9095 6 2 3
 2.41075 6 3 1
 2.4124 18 5 6
 3.0077 17 4 5
 3.00905 5 2 3
 3.5074 7 7 4
 3.5103 5 3 1
 3.51195 17 5 6
 5.1138 17 6 9
 5.1148 17 9 10
 5.1153 8 5 2
 6.0087 7 4 5
 6.01035 19 2 3
 6.01185 10 5 2
 6.4135 18 6 9
 6.4145 18 9 10
 6.415 9 5 2
 7.16635 8 2 3
 7.16785 17 10 11
 8.46605 9 2 3
 8.46755 18 10 11
 9.21745 8 3 4
 9.5137 10 2 3
 10.5172 9 3 4
 11.4186 8 4 5
 12.7183 9 4 5
 19.9152 10 3 4
 23.417 10 4 5
 23.4185 19 3 4
 23.4199 7 5 2
 24.9717 7 2 3
 26.5235 7 3 4
 29.0248 7 4 5
 29.0265 19 4 5
 32.169 17 11 3
